0  0  0  0  0  0  0  0  0  0  0  0  0  0  0
0  0  0  0  0  0  0  0  0  0  0  0  0  0  0
0 100 1  1  0  0  1  1  1  0  0  1  1 102 0
0  0  1  0  0  0  0  0  0  0  0  0  1  0  0
0  0  0  0  0  0  0  0  0  0  0  0  0  0  0
0  0  0  0  0  0  0  0  0  0  0  0  0  0  0
0  0  1  0  0  0  0  0  0  0  0  0  1  0  0
0  0  1  0  0  0  0 105 0  0  0  0  1  0  0
0  0  1  0  0  0  0  0  0  0  0  0  1  0  0
0  0  0  0  0  0  0  0  0  0  0  0  0  0  0
0  0  0  0  0  0  0  0  0  0  0  0  0  0  0
0  0  1  0  0  0  0  0  0  0  0  0  1  0  0
0 103 1  1  0  0  1  1  1  0  0  1  1 104 0
0  0  0  0  0  0  0  0  0  0  0  0  0  0  0
0  0  0  0  0  0  0  0  0  0  0  0  0  0  0